1;

%total 31
mucho_calor = [ones(1,6) 0.69 0.38 zeros(1,23)];
calor = [zeros(1,8) 0.38 0.69 1 0.69 0.38 zeros(1,18)];
normal = [zeros(1,13) 0.38 0.69 1 0.69 0.38 zeros(1,13)];
frio = [zeros(1,18) 0.38 0.69 1 0.69 0.38 zeros(1,8)];
mucho_frio = [zeros(1,23) 0.38 0.69 1 ones(1,5)];